0	0	0
0.00625	0	0
0.0125	0	0
0.01875	0	0
0.025	0	0
0.03125	0	0
0.0375	0	0
0.04375	0	0
0.05	0	0
0.05625	0	0
0.0625	0	0
0.06875	0	0
0.075	0	0.01
0.08125	0	0
0.0875	0	0
0.09375	0	0
0.1	0	0
0.10625	0	0
0.1125	0	0
0.11875	0	0
0.125	0	0
0.13125	0	0
0.1375	0	0
0.14375	0	0
0.15	0	0
0.15625	0	0
0.1625	0	0
0.16875	0	0
0.175	0	0
0.18125	0	0
0.1875	0	0
0.19375	0	0
0.2	0	0.01
0.20625	0	0
0.2125	0	0.01
0.21875	0	0
0.225	0	0
0.23125	0	0
0.2375	0	0
0.24375	0	0
0.25	0	0
0.25625	0	0.01
0.2625	0	0.01
0.26875	0	0
0.275	0	0
0.28125	0	0
0.2875	0	0
0.29375	0	0
0.3	0	0
0.30625	0	0
0.3125	0	0
0.31875	0	0
0.325	0	0
0.33125	0	0
0.3375	0	0
0.34375	0	0.01
0.35	0	0
0.35625	0	0
0.3625	0	0
0.36875	0	0
0.375	0	0.01
0.38125	0	0
0.3875	0	0
0.39375	0	0
0.4	0	0
0.40625	0	0
0.4125	0	0
0.41875	0	0
0.425	0	0
0.43125	0	0
0.4375	0	0
0.44375	0	0
0.45	0	0
0.45625	0	0
0.4625	0	0.01
0.46875	0	0
0.475	0	0
0.48125	0	0
0.4875	0	0.01
0.49375	0	0
0.5	0	0.01
0.50625	0	0.01
0.5125	0	0.01
0.51875	0	0
0.525	0	0
0.53125	0	0
0.5375	0	0
0.54375	0	0
0.55	0	0
0.55625	0	0
0.5625	0	0
0.56875	0	0.01
0.575	0	0.01
0.58125	0	0
0.5875	0	0
0.59375	0	0
0.6	0	0
0.60625	0	0
0.6125	0	-0.01
0.61875	0	0
0.625	0	0.01
0.63125	0	0.01
0.6375	0	0.01
0.64375	0	0
0.65	0	0
0.65625	0	0
0.6625	0	0
0.66875	0	0
0.675	0	0
0.68125	0	0
0.6875	0	0
0.69375	0	0
0.7	0	0
0.70625	0	0
0.7125	0	0
0.71875	0	0
0.725	0	0
0.73125	0	0
0.7375	0	0.01
0.74375	0	0
0.75	0	0
0.75625	0	0
0.7625	0	0
0.76875	0	0
0.775	0	0.01
0.78125	0	0
0.7875	0	0
0.79375	0	0
0.8	0	0
0.80625	0	0
0.8125	0	0
0.81875	0	0
0.825	0	0
0.83125	0	0
0.8375	0	-0.01
0.84375	0	0
0.85	0	0
0.85625	0	0
0.8625	0	0
0.86875	0	0
0.875	0	0
0.88125	0	0
0.8875	0	0
0.89375	0	0
0.9	0	0.01
0.90625	0	0
0.9125	0	0
0.91875	0	0
0.925	0	0
0.93125	0	0
0.9375	0	0.01
0.94375	0	0
0.95	0	0.01
0.95625	0	0
0.9625	0	0
0.96875	0	0
0.975	0	0
0.98125	0	0.01
0.9875	0	0
0.99375	0	0
1	0	0.01
1.00625	0	0
1.0125	0	0.01
1.01875	0	0
1.025	0	0
1.03125	0	0
1.0375	0	0.01
1.04375	0	0
1.05	0	0
1.05625	0	0
1.0625	0	0.01
1.06875	0	0
1.075	0	0
1.08125	0	0
1.0875	0	0
1.09375	0	0
1.1	0	0
1.10625	0	0
1.1125	0	0.01
1.11875	0	0
1.125	0	0.01
1.13125	0	0
1.1375	0	0
1.14375	0	0
1.15	0	0
1.15625	0	0
1.1625	0	0.01
1.16875	0	0
1.175	0	0.01
1.18125	0	0
1.1875	0	0
1.19375	0	0
1.2	0	0
1.20625	0	0
1.2125	0	0.01
1.21875	0	0
1.225	0	0.01
1.23125	0	0
1.2375	0	0
1.24375	0	0.01
1.25	0	0
1.25625	0	0
1.2625	0	0
1.26875	0	0
1.275	0	0
1.28125	0	0
1.2875	0	0
1.29375	0	0
1.3	0	0
1.30625	0	0
1.3125	0	0
1.31875	0	0
1.325	0	0
1.33125	0	0
1.3375	0	0
1.34375	0	0
1.35	0	0
1.35625	0	0
1.3625	0	0
1.36875	0	0
1.375	0	0
1.38125	0	0
1.3875	0	0
1.39375	0	0
1.4	0	0
1.40625	0	0
1.4125	0	0
1.41875	0	0
1.425	0	0.01
1.43125	0	0
1.4375	0	0
1.44375	0	0.01
1.45	0	0
1.45625	0	0
1.4625	0	0
1.46875	0	0
1.475	0	0.01
1.48125	0	0
1.4875	0	0
1.49375	0	0
1.5	0	0.01
1.50625	0	0
1.5125	0	0
1.51875	0	0
1.525	0	0.01
1.53125	0	0
1.5375	0	0
1.54375	0	0
1.55	0	0
1.55625	0	0
1.5625	0	0
1.56875	0	0
1.575	0	0
1.58125	0	0
1.5875	0	0
1.59375	0	0
1.6	0	0
1.60625	0	0
1.6125	0	0.01
1.61875	0	0
1.625	0	0
1.63125	0	0
1.6375	0	0
1.64375	0	0
1.65	0	0
1.65625	0	0
1.6625	0	0
1.66875	0	0
1.675	0	0
1.68125	0	0
1.6875	0	0
1.69375	0	0
1.7	0	0
1.70625	0	0
1.7125	0	0.01
1.71875	0	0
1.725	0	0
1.73125	0	0
1.7375	0	0
1.74375	0	0
1.75	0	0.01
1.75625	0	0
1.7625	0	0
1.76875	0	0
1.775	0	0
1.78125	0	0
1.7875	0	0.01
1.79375	0	0
1.8	0	0
1.80625	0	0.01
1.8125	0	0
1.81875	0	0
1.825	0	0
1.83125	0	0
1.8375	0	0.01
1.84375	0	0
1.85	0	0
1.85625	0	0
1.8625	0	0.01
1.86875	0	0
1.875	0	0
1.88125	0	0
1.8875	0	0
1.89375	0	0
1.9	0	0
1.90625	0	0
1.9125	0	0.01
1.91875	0	0
1.925	0	0.01
1.93125	0	0
1.9375	0	0
1.94375	0	0.01
1.95	0	0
1.95625	0	0
1.9625	0	0.01
1.96875	0	0
1.975	0	0.01
1.98125	0	0
1.9875	0	0
1.99375	0	0
2	0	0
2.00625	0	0
2.0125	0	0
2.01875	0	0
2.025	0	0
2.03125	0	0
2.0375	0	0
2.04375	0	0
2.05	0	0
2.05625	0	0
2.0625	0	0
2.06875	0	0
2.075	0	0
2.08125	0	0
2.0875	0	0
2.09375	0	0
2.1	0	0.01
2.10625	0	0.01
2.1125	0	0
2.11875	0	0
2.125	0	0
2.13125	0	0
2.1375	0	0
2.14375	0	0
2.15	0	0.01
2.15625	0	0.01
2.1625	0	0.01
2.16875	0	0
2.175	0	0.01
2.18125	0	0
2.1875	0	0.01
2.19375	0	0.01
2.2	0	0.01
2.20625	0	0
2.2125	0	0.01
2.21875	0	0
2.225	0	0
2.23125	0	0
2.2375	0	0
2.24375	0	0
2.25	0	0
2.25625	0	0
2.2625	0	0
2.26875	0	0
2.275	0	0
2.28125	0	0
2.2875	0	0
2.29375	0	0
2.3	0	0.01
2.30625	0	0
2.3125	0	0
2.31875	0	0
2.325	0	0
2.33125	0	0
2.3375	0	0
2.34375	0	0
2.35	0	0
2.35625	0	0
2.3625	0	0.01
2.36875	0	0
2.375	0	0
2.38125	0	0
2.3875	0	0
2.39375	0	0
2.4	0	0
2.40625	0	0
2.4125	0	0
2.41875	0	0
2.425	0	0.01
2.43125	0	0
2.4375	0	0
2.44375	0	0
2.45	0	0
2.45625	0	0
2.4625	0	0
2.46875	0	0
2.475	0	0
2.48125	0	0
2.4875	0	0
2.49375	0	0
2.5	0	0
2.50625	0	0
2.5125	0	0
2.51875	0	0
2.525	0	0
2.53125	0	0.01
2.5375	0	0
2.54375	0	0.01
2.55	0	0
2.55625	0	0
2.5625	0	0
2.56875	0	0
2.575	0	0
2.58125	0	0
2.5875	0	0
2.59375	0	0
2.6	0	0
2.60625	0	0
2.6125	0	0.01
2.61875	0	0
2.625	0	0
2.63125	0	0
2.6375	0	-0.01
2.64375	0	0
2.65	0	0
2.65625	0	0
2.6625	0	0
2.66875	0	0
2.675	0	0.01
2.68125	0	0
2.6875	0	-0.01
2.69375	0	0
2.7	0	0
2.70625	0	0
2.7125	0	0
2.71875	0	0
2.725	0	0
2.73125	0	0
2.7375	0	0
2.74375	0	0
2.75	0	0
2.75625	0	0.01
2.7625	0	0.01
2.76875	0	0
2.775	0	0.01
2.78125	0	0
2.7875	0	0
2.79375	0	0
2.8	0	0
2.80625	0	0
2.8125	0	0
2.81875	0	0.01
2.825	0	0
2.83125	0	0
2.8375	0	0
2.84375	0	0
2.85	0	0
2.85625	0	0
2.8625	0	0
2.86875	0	0
2.875	0	0.01
2.88125	0	0
2.8875	0	0
2.89375	0	0
2.9	0	0.01
2.90625	0	0
2.9125	0	0.01
2.91875	0	0
2.925	0	0
2.93125	0	0
2.9375	0	0
2.94375	0	0
2.95	0	0
2.95625	0	0
2.9625	0	0
2.96875	0	0
2.975	0	0
2.98125	0	0.01
2.9875	0	0
2.99375	0	0.01
3	0	0.01
3.00625	0	0
3.0125	0	0
3.01875	0	0
3.025	0	0
3.03125	0	0.01
3.0375	0	0
3.04375	0	0
3.05	0	0.01
3.05625	0	0
3.0625	0	0
3.06875	0	0
3.075	0	0
3.08125	0	0.01
3.0875	0	0
3.09375	0	0.01
3.1	0	0
3.10625	0	0.01
3.1125	0	0.01
3.11875	0	0
3.125	0	0
3.13125	0	0.01
3.1375	0	0.01
3.14375	0	0
3.15	0	0
3.15625	0	0.01
3.1625	0	0
3.16875	0	0
3.175	0	0
3.18125	0	-0.01
3.1875	0	0
3.19375	0	0
3.2	0	0
3.20625	0	0
3.2125	0	0
3.21875	0	0
3.225	0	0.01
3.23125	0	0
3.2375	0	0
3.24375	0	0
3.25	0	0.01
3.25625	0	0
3.2625	0	0
3.26875	0	0
3.275	0	0
3.28125	0	0
3.2875	0	0
3.29375	0	0
3.3	0	0.01
3.30625	0	0
3.3125	0	0
3.31875	0	0
3.325	0	0
3.33125	0	0
3.3375	0	0
3.34375	0	0
3.35	0	0.01
3.35625	0	0
3.3625	0	0
3.36875	0	-0.01
3.375	0	0.01
3.38125	0	0
3.3875	0	0
3.39375	0	0
3.4	0	0
3.40625	0	0
3.4125	0	0
3.41875	0	0
3.425	0	0
3.43125	0	0
3.4375	0	0
3.44375	0	0
3.45	0	0
3.45625	0	0
3.4625	0	0
3.46875	0	0
3.475	0	0
3.48125	0	0
3.4875	0	0.01
3.49375	0	-0.01
3.5	0	0
3.50625	0	0
3.5125	0	0.01
3.51875	0	0
3.525	0	0.01
3.53125	0	0
3.5375	0	0
3.54375	0	0
3.55	0	0
3.55625	0	0
3.5625	0	0
3.56875	0	0
3.575	0	0
3.58125	0	0
3.5875	0	0
3.59375	0	0
3.6	0	0.01
3.60625	0	0
3.6125	0	0
3.61875	0	0
3.625	0	0.01
3.63125	0	0
3.6375	0	0.01
3.64375	0	0
3.65	0	0
3.65625	0	0
3.6625	0	0.01
3.66875	0	0.01
3.675	0	0
3.68125	0	0
3.6875	0	0
3.69375	0	0.01
3.7	0	0
3.70625	0	0
3.7125	0	0
3.71875	0	0
3.725	0	0
3.73125	0	0
3.7375	0	0.01
3.74375	0	0
3.75	0	0.01
3.75625	0	0
3.7625	0	0.01
3.76875	0	0
3.775	0	0.01
3.78125	0	0
3.7875	0	0.01
3.79375	0	0
3.8	0	0
3.80625	0	0
3.8125	0	0
3.81875	0	0
3.825	0	0
3.83125	0	0
3.8375	0	0
3.84375	0	0
3.85	0	0.01
3.85625	0	0
3.8625	0	0
3.86875	0	0
3.875	0	0
3.88125	0	0
3.8875	0	0
3.89375	0	0
3.9	0	0
3.90625	0	0
3.9125	0	0
3.91875	0	0
3.925	0	0
3.93125	0	0
3.9375	0	0.01
3.94375	0	0
3.95	0	0
3.95625	0	0
3.9625	0	0.01
3.96875	0	0
3.975	0	0
3.98125	0	0
3.9875	0	0
3.99375	0	0
4	0	0
4.00625	0	0
4.0125	0	0
4.01875	0	0
4.025	0	0
4.03125	0	0
4.0375	0	0
4.04375	0	0
4.05	0	-0.01
4.05625	0	0
4.0625	0	0.01
4.06875	0	0
4.075	0	0
4.08125	0	0
4.0875	0	0
4.09375	0	0
4.1	0	0
4.10625	0	0
4.1125	0	0
4.11875	0	0
4.125	0	0.01
4.13125	0	0
4.1375	0	0
4.14375	0	0
4.15	0	0
4.15625	0	0
4.1625	0	0
4.16875	0	0
4.175	0	0
4.18125	0	0
4.1875	0	0
4.19375	0	0
4.2	0	0
4.20625	0	0
4.2125	0	0
4.21875	0	0
4.225	0	0
4.23125	0	0
4.2375	0	0
4.24375	0	0
4.25	0	0
4.25625	0	0
4.2625	0	0.01
4.26875	0	0
4.275	0	0.01
4.28125	0	0
4.2875	0	0
4.29375	0	-0.01
4.3	0	0.01
4.30625	0	0
4.3125	0	0.01
4.31875	0	0
4.325	0	0
4.33125	0	0
4.3375	0	0
4.34375	0	0
4.35	0	0
4.35625	0	0
4.3625	0	0.01
4.36875	0	0
4.375	0	0
4.38125	0	0
4.3875	0	0
4.39375	0	0
4.4	0	0.01
4.40625	0	0
4.4125	0	0
4.41875	0	0.01
4.425	0	0
4.43125	0	0
4.4375	0	0
4.44375	0	0
4.45	0	0
4.45625	0	0
4.4625	0	0.01
4.46875	0	0
4.475	0	0
4.48125	0	0
4.4875	0	0
4.49375	0	0
4.5	0	0
4.50625	0	0
4.5125	0	0
4.51875	0	0
4.525	0	0
4.53125	0	0
4.5375	0	0
4.54375	0	0
4.55	0	0.01
4.55625	0	0
4.5625	0	0
4.56875	0	0
4.575	0	0
4.58125	0	0
4.5875	0	0
4.59375	0	0
4.6	0	0
4.60625	0	0
4.6125	0	0
4.61875	0	0
4.625	0	0
4.63125	0	0
4.6375	0	0
4.64375	0	0
4.65	0	0
4.65625	0	0
4.6625	0	0
4.66875	0	0
4.675	0	0
4.68125	0	0.01
4.6875	0	0.01
4.69375	0	-0.01
4.7	0	0.02
4.70625	0	0.01
4.7125	0	0
4.71875	0	0
4.725	0	0
4.73125	0	0
4.7375	0	0
4.74375	0	0
4.75	0	0.01
4.75625	0	0
4.7625	0	0.01
4.76875	0	0
4.775	0	0
4.78125	0	0
4.7875	0	0
4.79375	0	0
4.8	0	0
4.80625	0	0
4.8125	0	0.01
4.81875	0	0
4.825	0	0
4.83125	0	0
4.8375	0	0
4.84375	0	0
4.85	0	0.01
4.85625	0	0
4.8625	0	0.01
4.86875	0	0
4.875	0	0
4.88125	0	0
4.8875	0	0.01
4.89375	0	0
4.9	0	0.01
4.90625	0	0
4.9125	0	0
4.91875	0	0
4.925	0	0.01
4.93125	0	0
4.9375	0	0
4.94375	0	0
4.95	0	0.01
4.95625	0	0
4.9625	0	0
4.96875	0	0
4.975	0	0.01
4.98125	0	0
4.9875	0	0
4.99375	0	0
5	0	0
5.00625	0	0
5.0125	0	0
5.01875	0	0
5.025	0	0
5.03125	0	0
5.0375	0	0
5.04375	0	0
5.05	0	0
5.05625	0	0
5.0625	0	0
5.06875	0	0
5.075	0	0
5.08125	0	0
5.0875	0	0
5.09375	0	0
5.1	0	0
5.10625	0	-0.01
5.1125	0	0
5.11875	0	0
5.125	0	0
5.13125	0	0
5.1375	0	0
5.14375	0	0
5.15	0	0
5.15625	0	0
5.1625	0	0
5.16875	0	0
5.175	0	0
5.18125	0	0
5.1875	0	0
5.19375	0	0
5.2	0	0
5.20625	0	0
5.2125	0	0
5.21875	0	0
5.225	0	0.01
5.23125	0	0
5.2375	0	0
5.24375	0	0
5.25	0	0
5.25625	0	0
5.2625	0	0.01
5.26875	0	0
5.275	0	0
5.28125	0	0
5.2875	0	0
5.29375	0	0
5.3	0	0.01
5.30625	0	0
5.3125	0	0.01
5.31875	0	0
5.325	0	0
5.33125	0	0
5.3375	0	0
5.34375	0	0
5.35	0	0.01
5.35625	0	0.01
5.3625	0	0
5.36875	0	0
5.375	0	0.01
5.38125	0	0
5.3875	0	0
5.39375	0	0
5.4	0	0
5.40625	0	0
5.4125	0	0
5.41875	0	0
5.425	0	0
5.43125	0	0
5.4375	0	0
5.44375	0	0.01
5.45	0	0
5.45625	0	0.01
5.4625	0	0
5.46875	0	0
5.475	0	0
5.48125	0	0
5.4875	0	0.01
5.49375	0	0.01
5.5	0	0.01
5.50625	0	0
5.5125	0	0
5.51875	0	0
5.525	0	0.01
5.53125	0	0
5.5375	0	0
5.54375	0	0
5.55	0	0
5.55625	0	0
5.5625	0	0
5.56875	0	0
5.575	0	0
5.58125	0	0
5.5875	0	0
5.59375	0	0
5.6	0	0
5.60625	0	0
5.6125	0	0.01
5.61875	0	0
5.625	0	0
5.63125	0	0
5.6375	0	0
5.64375	0	0
5.65	0	0
5.65625	0	0
5.6625	0	0.01
5.66875	0	0
5.675	0	0
5.68125	0	0
5.6875	0	0
5.69375	0	0
5.7	0	0
5.70625	0	0
5.7125	0	0
5.71875	0	0
5.725	0	0
5.73125	0	0
5.7375	0	0
5.74375	0	0
5.75	0	0
5.75625	0	0
5.7625	0	0
5.76875	0	0
5.775	0	0.01
5.78125	0	0
5.7875	0	0
5.79375	0	0.01
5.8	0	0
5.80625	0	0
5.8125	0	0
5.81875	0	0
5.825	0	0
5.83125	0	0
5.8375	0	0
5.84375	0	0
5.85	0	0
5.85625	0	0
5.8625	0	0
5.86875	0	0.01
5.875	0	0
5.88125	0	0
5.8875	0	0
5.89375	0	0
5.9	0	0
5.90625	0	0
5.9125	0	0
5.91875	0	0.01
5.925	0	0
5.93125	0	0
5.9375	0	0
5.94375	0	0
5.95	0	0
5.95625	0	0
5.9625	0	0.01
5.96875	0	0.01
5.975	0	0
5.98125	0	0
5.9875	0	0
5.99375	0	0
6	0	0.01
6.00625	0	0
6.0125	0	0
6.01875	0	0
6.025	0	0
6.03125	0	0
6.0375	0	0
6.04375	0	0
6.05	0	0
6.05625	0	0
6.0625	0	0
6.06875	0	0
6.075	0	0
6.08125	0	0
6.0875	0	0
6.09375	0	0
6.1	0	0.01
6.10625	0	0
6.1125	0	0
6.11875	0	0
6.125	0	0
6.13125	0	0
6.1375	0	0
6.14375	0	0
6.15	0	0
6.15625	0	0
6.1625	0	0
6.16875	0	0
6.175	0	0
6.18125	0	0
6.1875	0	0
6.19375	0	0
6.2	0	0.01
6.20625	0	0.01
6.2125	0	0
6.21875	0	0
6.225	0	0
6.23125	0	0
6.2375	0	0.01
6.24375	0	0
6.25	0	0
6.25625	0	0
6.2625	0	0
6.26875	0	0
6.275	0	0
6.28125	0	0
6.2875	0	0
6.29375	12	0
6.3	12	0
6.30625	12	0.23
6.3125	12	0.39
6.31875	12	0.51
6.325	12	0.62
6.33125	12	0.73
6.3375	12	0.83
6.34375	12	0.91
6.35	12	1
6.35625	12	1.07
6.3625	12	1.14
6.36875	12	1.22
6.375	12	1.26
6.38125	12	1.3
6.3875	12	1.29
6.39375	12	1.29
6.4	12	1.29
6.40625	12	1.29
6.4125	12	1.27
6.41875	12	1.27
6.425	12	1.16
6.43125	12	1.05
6.4375	12	0.95
6.44375	12	0.85
6.45	12	0.78
6.45625	12	0.72
6.4625	12	0.69
6.46875	12	0.66
6.475	12	0.63
6.48125	12	0.6
6.4875	12	0.58
6.49375	12	0.55
6.5	12	0.53
6.50625	12	0.52
6.5125	12	0.49
6.51875	12	0.49
6.525	12	0.49
6.53125	12	0.48
6.5375	12	0.46
6.54375	12	0.46
6.55	12	0.45
6.55625	12	0.45
6.5625	12	0.45
6.56875	12	0.45
6.575	12	0.45
6.58125	12	0.45
6.5875	12	0.45
6.59375	12	0.45
6.6	12	0.45
6.60625	12	0.46
6.6125	12	0.45
6.61875	12	0.46
6.625	12	0.46
6.63125	12	0.47
6.6375	12	0.46
6.64375	12	0.48
6.65	12	0.47
6.65625	12	0.47
6.6625	12	0.47
6.66875	12	0.48
6.675	12	0.47
6.68125	12	0.48
6.6875	12	0.48
6.69375	12	0.48
6.7	12	0.48
6.70625	12	0.49
6.7125	12	0.49
6.71875	12	0.49
6.725	12	0.49
6.73125	12	0.49
6.7375	12	0.49
6.74375	12	0.5
6.75	12	0.49
6.75625	12	0.5
6.7625	12	0.51
6.76875	12	0.51
6.775	12	0.51
6.78125	12	0.52
6.7875	12	0.52
6.79375	12	0.53
6.8	12	0.53
6.80625	12	0.54
6.8125	12	0.54
6.81875	12	0.53
6.825	12	0.54
6.83125	12	0.55
6.8375	12	0.56
6.84375	12	0.56
6.85	12	0.56
6.85625	12	0.58
6.8625	12	0.58
6.86875	12	0.59
6.875	12	0.59
6.88125	12	0.59
6.8875	12	0.6
6.89375	12	0.61
6.9	12	0.61
6.90625	12	0.62
6.9125	12	0.62
6.91875	12	0.62
6.925	12	0.62
6.93125	12	0.63
6.9375	12	0.63
6.94375	12	0.64
6.95	12	0.65
6.95625	12	0.65
6.9625	12	0.65
6.96875	12	0.65
6.975	12	0.65
6.98125	12	0.66
6.9875	12	0.66
6.99375	12	0.66
7	12	0.66
7.00625	12	0.67
7.0125	12	0.67
7.01875	12	0.67
7.025	12	0.67
7.03125	12	0.67
7.0375	12	0.68
7.04375	12	0.68
7.05	12	0.68
7.05625	12	0.68
7.0625	12	0.69
7.06875	12	0.69
7.075	12	0.69
7.08125	12	0.7
7.0875	12	0.7
7.09375	12	0.7
7.1	12	0.7
7.10625	12	0.71
7.1125	12	0.7
7.11875	12	0.71
7.125	12	0.71
7.13125	12	0.72
7.1375	12	0.71
7.14375	12	0.72
7.15	12	0.71
7.15625	12	0.73
7.1625	12	0.72
7.16875	12	0.73
7.175	12	0.73
7.18125	12	0.74
7.1875	12	0.73
7.19375	12	0.73
7.2	12	0.73
7.20625	12	0.74
7.2125	12	0.74
7.21875	12	0.74
7.225	12	0.74
7.23125	12	0.76
7.2375	12	0.76
7.24375	12	0.76
7.25	12	0.77
7.25625	12	0.76
7.2625	12	0.76
7.26875	12	0.77
7.275	12	0.77
7.28125	12	0.77
7.2875	12	0.77
7.29375	12	0.78
7.3	12	0.78
7.30625	12	0.78
7.3125	12	0.79
7.31875	12	0.78
7.325	12	0.78
7.33125	12	0.78
7.3375	12	0.79
7.34375	12	0.79
7.35	12	0.79
7.35625	12	0.8
7.3625	12	0.79
7.36875	12	0.79
7.375	12	0.79
7.38125	12	0.8
7.3875	12	0.8
7.39375	12	0.81
7.4	12	0.8
7.40625	12	0.81
7.4125	12	0.8
7.41875	12	0.8
7.425	12	0.8
7.43125	12	0.81
7.4375	12	0.8
7.44375	12	0.81
7.45	12	0.81
7.45625	12	0.8
7.4625	12	0.81
7.46875	12	0.81
7.475	12	0.81
7.48125	12	0.81
7.4875	12	0.82
7.49375	12	0.81
7.5	12	0.81
7.50625	12	0.8
7.5125	12	0.8
7.51875	12	0.8
7.525	12	0.8
7.53125	12	0.8
7.5375	12	0.8
7.54375	12	0.8
7.55	12	0.79
7.55625	12	0.79
7.5625	12	0.79
7.56875	12	0.79
7.575	12	0.8
7.58125	12	0.79
7.5875	12	0.8
7.59375	12	0.81
7.6	12	0.82
7.60625	12	0.83
7.6125	12	0.83
7.61875	12	0.84
7.625	12	0.84
7.63125	12	0.85
7.6375	12	0.86
7.64375	12	0.87
7.65	12	0.87
7.65625	12	0.88
7.6625	12	0.88
7.66875	12	0.88
7.675	12	0.88
7.68125	12	0.89
7.6875	12	0.9
7.69375	12	0.89
7.7	12	0.9
7.70625	12	0.89
7.7125	12	0.89
7.71875	12	0.87
7.725	12	0.89
7.73125	12	0.88
7.7375	12	0.88
7.74375	12	0.87
7.75	12	0.87
7.75625	12	0.87
7.7625	12	0.86
7.76875	12	0.85
7.775	12	0.86
7.78125	12	0.85
7.7875	12	0.85
7.79375	12	0.84
7.8	12	0.85
7.80625	12	0.84
7.8125	12	0.83
7.81875	12	0.83
7.825	12	0.83
7.83125	12	0.82
7.8375	12	0.83
7.84375	12	0.83
7.85	12	0.83
7.85625	12	0.82
7.8625	12	0.8
7.86875	12	0.79
7.875	12	0.79
7.88125	12	0.77
7.8875	12	0.78
7.89375	12	0.77
7.9	12	0.77
7.90625	12	0.77
7.9125	12	0.76
7.91875	12	0.76
7.925	12	0.76
7.93125	12	0.77
7.9375	12	0.74
7.94375	12	0.76
7.95	12	0.74
7.95625	12	0.76
7.9625	12	0.74
7.96875	12	0.76
7.975	12	0.76
7.98125	12	0.74
7.9875	12	0.74
7.99375	12	0.76
8	12	0.74
8.00625	12	0.76
8.0125	12	0.74
8.01875	12	0.74
8.025	12	0.74
8.03125	12	0.76
8.0375	12	0.74
8.04375	12	0.77
8.05	12	0.78
8.05625	12	0.78
8.0625	12	0.79
8.06875	12	0.8
8.075	12	0.79
8.08125	12	0.8
8.0875	12	0.8
8.09375	12	0.81
8.1	12	0.81
8.10625	12	0.81
8.1125	12	0.81
8.11875	12	0.81
8.125	12	0.81
8.13125	12	0.81
8.1375	12	0.81
8.14375	12	0.81
8.15	12	0.81
8.15625	12	0.81
8.1625	12	0.81
8.16875	12	0.8
8.175	12	0.81
8.18125	12	0.8
8.1875	12	0.79
8.19375	12	0.8
8.2	12	0.79
8.20625	12	0.8
8.2125	12	0.79
8.21875	12	0.79
8.225	12	0.79
8.23125	12	0.78
8.2375	12	0.79
8.24375	12	0.79
8.25	12	0.79
8.25625	12	0.79
8.2625	12	0.78
8.26875	12	0.78
8.275	12	0.78
8.28125	12	0.78
8.2875	12	0.78
8.29375	12	0.78
8.3	12	0.78
8.30625	12	0.78
8.3125	12	0.78
8.31875	12	0.78
8.325	12	0.78
8.33125	12	0.77
8.3375	12	0.78
8.34375	12	0.77
8.35	12	0.76
8.35625	12	0.77
8.3625	12	0.76
8.36875	12	0.74
8.375	12	0.74
8.38125	12	0.74
8.3875	12	0.73
8.39375	12	0.7
8.4	12	0.7
8.40625	12	0.67
8.4125	12	0.68
8.41875	12	0.68
8.425	12	0.68
8.43125	12	0.68
8.4375	12	0.68
8.44375	12	0.68
8.45	12	0.69
8.45625	12	0.7
8.4625	12	0.69
8.46875	12	0.7
8.475	12	0.7
8.48125	12	0.7
8.4875	12	0.69
8.49375	12	0.7
8.5	12	0.7
8.50625	12	0.7
8.5125	12	0.7
8.51875	12	0.71
8.525	12	0.7
8.53125	12	0.71
8.5375	12	0.71
8.54375	12	0.71
8.55	12	0.72
8.55625	12	0.72
8.5625	12	0.72
8.56875	12	0.73
8.575	12	0.73
8.58125	12	0.74
8.5875	12	0.74
8.59375	12	0.76
8.6	12	0.74
8.60625	12	0.74
8.6125	12	0.73
8.61875	12	0.74
8.625	12	0.73
8.63125	12	0.74
8.6375	12	0.74
8.64375	12	0.76
8.65	12	0.74
8.65625	12	0.76
8.6625	12	0.76
8.66875	12	0.77
8.675	12	0.76
8.68125	12	0.76
8.6875	12	0.74
8.69375	12	0.76
8.7	12	0.74
8.70625	12	0.76
8.7125	12	0.76
8.71875	12	0.77
8.725	12	0.78
8.73125	12	0.79
8.7375	12	0.79
8.74375	12	0.8
8.75	12	0.8
8.75625	12	0.8
8.7625	12	0.79
8.76875	12	0.79
8.775	12	0.79
8.78125	12	0.79
8.7875	12	0.78
8.79375	12	0.77
8.8	12	0.76
8.80625	12	0.76
8.8125	12	0.74
8.81875	12	0.73
8.825	12	0.73
8.83125	12	0.72
8.8375	12	0.71
8.84375	12	0.7
8.85	12	0.69
8.85625	12	0.68
8.8625	12	0.68
8.86875	12	0.67
8.875	12	0.67
8.88125	12	0.67
8.8875	12	0.66
8.89375	12	0.66
8.9	12	0.66
8.90625	12	0.65
8.9125	12	0.65
8.91875	12	0.65
8.925	12	0.65
8.93125	12	0.64
8.9375	12	0.63
8.94375	12	0.64
8.95	12	0.63
8.95625	12	0.63
8.9625	12	0.62
8.96875	12	0.61
8.975	12	0.61
8.98125	12	0.6
8.9875	12	0.58
8.99375	12	0.53
9	12	0.53
9.00625	12	0.54
9.0125	12	0.53
9.01875	12	0.54
9.025	12	0.54
9.03125	12	0.55
9.0375	12	0.54
9.04375	12	0.55
9.05	12	0.54
9.05625	12	0.55
9.0625	12	0.54
9.06875	12	0.55
9.075	12	0.54
9.08125	12	0.55
9.0875	12	0.54
9.09375	12	0.55
9.1	12	0.54
9.10625	12	0.55
9.1125	12	0.55
9.11875	12	0.55
9.125	12	0.55
9.13125	12	0.55
9.1375	12	0.55
9.14375	12	0.55
9.15	12	0.54
9.15625	12	0.53
9.1625	12	0.53
9.16875	12	0.52
9.175	12	0.52
9.18125	12	0.52
9.1875	12	0.51
9.19375	12	0.51
9.2	12	0.51
9.20625	12	0.51
9.2125	12	0.5
9.21875	12	0.51
9.225	12	0.5
9.23125	12	0.51
9.2375	12	0.5
9.24375	12	0.51
9.25	12	0.52
9.25625	12	0.53
9.2625	12	0.53
9.26875	12	0.54
9.275	12	0.54
9.28125	12	0.55
9.2875	12	0.55
9.29375	12	0.55
9.3	12	0.55
9.30625	12	0.55
9.3125	12	0.55
9.31875	12	0.55
9.325	12	0.55
9.33125	12	0.55
9.3375	12	0.53
9.34375	12	0.54
9.35	12	0.53
9.35625	12	0.54
9.3625	12	0.53
9.36875	12	0.54
9.375	12	0.53
9.38125	12	0.54
9.3875	12	0.53
9.39375	12	0.53
9.4	12	0.53
9.40625	12	0.53
9.4125	12	0.53
9.41875	12	0.53
9.425	12	0.52
9.43125	12	0.53
9.4375	12	0.53
9.44375	12	0.53
9.45	12	0.52
9.45625	12	0.52
9.4625	12	0.52
9.46875	12	0.51
9.475	12	0.51
9.48125	12	0.49
9.4875	12	0.46
9.49375	12	0.46
9.5	12	0.47
9.50625	12	0.47
9.5125	12	0.46
9.51875	12	0.47
9.525	12	0.48
9.53125	12	0.48
9.5375	12	0.48
9.54375	12	0.48
9.55	12	0.48
9.55625	12	0.48
9.5625	12	0.48
9.56875	12	0.49
9.575	12	0.49
9.58125	12	0.49
9.5875	12	0.49
9.59375	12	0.49
9.6	12	0.49
9.60625	12	0.5
9.6125	12	0.5
9.61875	12	0.51
9.625	12	0.5
9.63125	12	0.5
9.6375	12	0.5
9.64375	12	0.5
9.65	12	0.5
9.65625	12	0.51
9.6625	12	0.51
9.66875	12	0.51
9.675	12	0.52
9.68125	12	0.51
9.6875	12	0.51
9.69375	12	0.52
9.7	12	0.52
9.70625	12	0.53
9.7125	12	0.53
9.71875	12	0.55
9.725	12	0.58
9.73125	12	0.58
9.7375	12	0.6
9.74375	12	0.6
9.75	12	0.6
9.75625	12	0.61
9.7625	12	0.61
9.76875	12	0.6
9.775	12	0.6
9.78125	12	0.59
9.7875	12	0.58
9.79375	12	0.59
9.8	12	0.58
9.80625	12	0.56
9.8125	12	0.55
9.81875	12	0.55
9.825	12	0.53
9.83125	12	0.53
9.8375	12	0.52
9.84375	12	0.52
9.85	12	0.51
9.85625	12	0.5
9.8625	12	0.49
9.86875	12	0.5
9.875	12	0.49
9.88125	12	0.49
9.8875	12	0.49
9.89375	12	0.48
9.9	12	0.47
9.90625	12	0.47
9.9125	12	0.46
9.91875	12	0.46
9.925	12	0.45
9.93125	12	0.41
9.9375	12	0.38
9.94375	12	0.39
9.95	12	0.39
9.95625	12	0.41
9.9625	12	0.39
9.96875	12	0.41
9.975	12	0.41
9.98125	12	0.39
9.9875	12	0.41
9.99375	12	0.41
10	12	0.41
10.00625	12	0.39
10.0125	12	0.39
10.01875	12	0.42
10.025	12	0.41
10.03125	12	0.41
10.0375	12	0.41
10.04375	12	0.41
10.05	12	0.39
10.05625	12	0.37
10.0625	12	0.37
10.06875	12	0.37
10.075	12	0.36
10.08125	12	0.36
10.0875	12	0.36
10.09375	12	0.36
10.1	12	0.36
10.10625	12	0.35
10.1125	12	0.36
10.11875	12	0.35
10.125	12	0.36
10.13125	12	0.35
10.1375	12	0.36
10.14375	12	0.36
10.15	12	0.37
10.15625	12	0.39
10.1625	12	0.38
10.16875	12	0.39
10.175	12	0.41
10.18125	12	0.41
10.1875	12	0.41
10.19375	12	0.41
10.2	12	0.41
10.20625	12	0.39
10.2125	12	0.39
10.21875	12	0.39
10.225	12	0.38
10.23125	12	0.39
10.2375	12	0.39
10.24375	12	0.39
10.25	12	0.38
10.25625	12	0.39
10.2625	12	0.38
10.26875	12	0.38
10.275	12	0.38
10.28125	12	0.39
10.2875	12	0.38
10.29375	12	0.38
10.3	12	0.38
10.30625	12	0.37
10.3125	12	0.37
10.31875	12	0.38
10.325	12	0.38
10.33125	12	0.37
10.3375	12	0.37
10.34375	12	0.37
10.35	12	0.36
10.35625	12	0.35
10.3625	12	0.3
10.36875	12	0.32
10.375	12	0.33
10.38125	12	0.33
10.3875	12	0.33
10.39375	12	0.34
10.4	12	0.33
10.40625	12	0.34
10.4125	12	0.33
10.41875	12	0.34
10.425	12	0.34
10.43125	12	0.34
10.4375	12	0.34
10.44375	12	0.35
10.45	12	0.34
10.45625	12	0.34
10.4625	12	0.33
10.46875	12	0.33
10.475	12	0.32
10.48125	12	0.33
10.4875	12	0.33
10.49375	12	0.32
10.5	12	0.32
10.50625	12	0.32
10.5125	12	0.31
10.51875	12	0.32
10.525	12	0.32
10.53125	12	0.31
10.5375	12	0.32
10.54375	12	0.33
10.55	12	0.32
10.55625	12	0.33
10.5625	12	0.33
10.56875	12	0.35
10.575	12	0.35
10.58125	12	0.35
10.5875	12	0.35
10.59375	12	0.35
10.6	12	0.35
10.60625	12	0.35
10.6125	12	0.35
10.61875	12	0.35
10.625	12	0.35
10.63125	12	0.35
10.6375	12	0.35
10.64375	12	0.35
10.65	12	0.36
10.65625	12	0.36
10.6625	12	0.36
10.66875	12	0.37
10.675	12	0.37
10.68125	12	0.38
10.6875	12	0.38
10.69375	12	0.38
10.7	12	0.38
10.70625	12	0.41
10.7125	12	0.41
10.71875	12	0.42
10.725	12	0.42
10.73125	12	0.42
10.7375	12	0.42
10.74375	12	0.42
10.75	12	0.41
10.75625	12	0.42
10.7625	12	0.36
10.76875	12	0.38
10.775	12	0.37
10.78125	12	0.39
10.7875	12	0.39
10.79375	12	0.39
10.8	12	0.39
10.80625	12	0.39
10.8125	12	0.38
10.81875	12	0.39
10.825	12	0.39
10.83125	12	0.39
10.8375	12	0.38
10.84375	12	0.39
10.85	12	0.38
10.85625	12	0.37
10.8625	12	0.36
10.86875	12	0.35
10.875	12	0.33
10.88125	12	0.33
10.8875	12	0.32
10.89375	12	0.32
10.9	12	0.31
10.90625	12	0.3
10.9125	12	0.3
10.91875	12	0.3
10.925	12	0.29
10.93125	12	0.3
10.9375	12	0.29
10.94375	12	0.31
10.95	12	0.31
10.95625	12	0.32
10.9625	12	0.31
10.96875	12	0.32
10.975	12	0.32
10.98125	12	0.32
10.9875	12	0.32
10.99375	12	0.31
11	12	0.31
11.00625	12	0.3
11.0125	12	0.3
11.01875	12	0.3
11.025	12	0.29
11.03125	12	0.29
11.0375	12	0.29
11.04375	12	0.3
11.05	12	0.28
11.05625	12	0.29
11.0625	12	0.28
11.06875	12	0.28
11.075	12	0.28
11.08125	12	0.29
11.0875	12	0.28
11.09375	12	0.28
11.1	12	0.28
11.10625	12	0.28
11.1125	12	0.28
11.11875	12	0.28
11.125	12	0.26
11.13125	12	0.25
11.1375	12	0.24
11.14375	12	0.23
11.15	12	0.24
11.15625	12	0.24
11.1625	12	0.24
11.16875	12	0.25
11.175	12	0.24
11.18125	12	0.24
11.1875	12	0.24
11.19375	12	0.24
11.2	12	0.24
11.20625	12	0.25
11.2125	12	0.25
11.21875	12	0.25
11.225	12	0.25
11.23125	12	0.25
11.2375	12	0.24
11.24375	12	0.24
11.25	12	0.24
11.25625	12	0.23
11.2625	12	0.23
11.26875	12	0.24
11.275	12	0.23
11.28125	12	0.23
11.2875	12	0.23
11.29375	12	0.24
11.3	12	0.24
11.30625	12	0.24
11.3125	12	0.25
11.31875	12	0.27
11.325	12	0.26
11.33125	12	0.28
11.3375	12	0.28
11.34375	12	0.28
11.35	12	0.28
11.35625	12	0.28
11.3625	12	0.28
11.36875	12	0.28
11.375	12	0.28
11.38125	12	0.28
11.3875	12	0.27
11.39375	12	0.27
11.4	12	0.26
11.40625	12	0.27
11.4125	12	0.27
11.41875	12	0.27
11.425	12	0.26
11.43125	12	0.27
11.4375	12	0.26
11.44375	12	0.26
11.45	12	0.26
11.45625	12	0.26
11.4625	12	0.26
11.46875	12	0.26
11.475	12	0.26
11.48125	12	0.25
11.4875	12	0.24
11.49375	12	0.24
11.5	12	0.2
11.50625	12	0.21
11.5125	12	0.2
11.51875	12	0.21
11.525	12	0.2
11.53125	12	0.23
11.5375	12	0.21
11.54375	12	0.23
11.55	12	0.21
11.55625	12	0.23
11.5625	12	0.21
11.56875	12	0.23
11.575	12	0.21
11.58125	12	0.23
11.5875	12	0.23
11.59375	12	0.23
11.6	12	0.24
11.60625	12	0.24
11.6125	12	0.21
11.61875	12	0.21
11.625	12	0.2
11.63125	12	0.21
11.6375	12	0.2
11.64375	12	0.21
11.65	12	0.2
11.65625	12	0.21
11.6625	12	0.2
11.66875	12	0.21
11.675	12	0.2
11.68125	12	0.23
11.6875	12	0.25
11.69375	12	0.27
11.7	12	0.27
11.70625	12	0.27
11.7125	12	0.28
11.71875	12	0.28
11.725	12	0.29
11.73125	12	0.29
11.7375	12	0.3
11.74375	12	0.3
11.75	12	0.29
11.75625	12	0.3
11.7625	12	0.3
11.76875	12	0.31
11.775	12	0.3
11.78125	12	0.31
11.7875	12	0.31
11.79375	12	0.31
11.8	12	0.31
11.80625	12	0.32
11.8125	12	0.32
11.81875	12	0.32
11.825	12	0.33
11.83125	12	0.32
11.8375	12	0.32
11.84375	12	0.32
11.85	12	0.3
11.85625	12	0.3
11.8625	12	0.28
11.86875	12	0.25
11.875	12	0.25
11.88125	12	0.25
11.8875	12	0.25
11.89375	12	0.25
11.9	12	0.24
11.90625	12	0.25
11.9125	12	0.23
11.91875	12	0.23
11.925	12	0.21
11.93125	12	0.23
11.9375	12	0.21
11.94375	12	0.21
11.95	12	0.2
11.95625	12	0.21
11.9625	12	0.2
11.96875	12	0.21
11.975	12	0.19
11.98125	12	0.2
11.9875	12	0.19
11.99375	12	0.18
12	12	0.18
12.00625	12	0.18
12.0125	12	0.18
12.01875	12	0.18
12.025	12	0.17
12.03125	12	0.17
12.0375	12	0.17
12.04375	12	0.19
12.05	12	0.19
12.05625	12	0.21
12.0625	12	0.2
12.06875	12	0.23
12.075	12	0.21
12.08125	12	0.23
12.0875	12	0.21
12.09375	12	0.23
12.1	12	0.21
12.10625	12	0.21
12.1125	12	0.2
12.11875	12	0.21
12.125	12	0.19
12.13125	12	0.2
12.1375	12	0.19
12.14375	12	0.2
12.15	12	0.19
12.15625	12	0.2
12.1625	12	0.19
12.16875	12	0.2
12.175	12	0.19
12.18125	12	0.2
12.1875	12	0.19
12.19375	12	0.2
12.2	12	0.19
12.20625	12	0.19
12.2125	12	0.18
12.21875	12	0.17
12.225	12	0.14
12.23125	12	0.15
12.2375	12	0.15
12.24375	12	0.15
12.25	12	0.15
12.25625	12	0.16
12.2625	12	0.15
12.26875	12	0.16
12.275	12	0.15
12.28125	12	0.17
12.2875	12	0.15
12.29375	12	0.16
12.3	12	0.16
12.30625	12	0.17
12.3125	12	0.16
12.31875	12	0.17
12.325	12	0.16
12.33125	12	0.17
12.3375	12	0.15
12.34375	12	0.16
12.35	12	0.15
12.35625	12	0.16
12.3625	12	0.15
12.36875	12	0.16
12.375	12	0.15
12.38125	12	0.17
12.3875	12	0.15
12.39375	12	0.17
12.4	12	0.16
12.40625	12	0.18
12.4125	12	0.18
12.41875	12	0.19
12.425	12	0.19
12.43125	12	0.2
12.4375	12	0.19
12.44375	12	0.2
12.45	12	0.19
12.45625	12	0.2
12.4625	12	0.18
12.46875	12	0.19
12.475	12	0.18
12.48125	12	0.19
12.4875	12	0.18
12.49375	12	0.18
12.5	12	0.18
12.50625	12	0.18
12.5125	12	0.18
12.51875	12	0.19
12.525	12	0.17
12.53125	12	0.19
12.5375	12	0.18
12.54375	12	0.19
12.55	12	0.17
12.55625	12	0.19
12.5625	12	0.17
12.56875	12	0.18
12.575	12	0.16
12.58125	12	0.14
12.5875	12	0.14
12.59375	12	0.15
12.6	12	0.14
12.60625	12	0.16
12.6125	12	0.15
12.61875	12	0.16
12.625	12	0.15
12.63125	12	0.16
12.6375	12	0.15
12.64375	12	0.16
12.65	12	0.15
12.65625	12	0.17
12.6625	12	0.16
12.66875	12	0.17
12.675	12	0.16
12.68125	12	0.17
12.6875	12	0.15
12.69375	12	0.17
12.7	12	0.15
12.70625	12	0.16
12.7125	12	0.15
12.71875	12	0.16
12.725	12	0.15
12.73125	12	0.16
12.7375	12	0.15
12.74375	12	0.16
12.75	12	0.16
12.75625	12	0.18
12.7625	12	0.18
12.76875	12	0.2
12.775	12	0.21
12.78125	12	0.23
12.7875	12	0.21
12.79375	12	0.24
12.8	12	0.24
12.80625	12	0.24
12.8125	12	0.24
12.81875	12	0.24
12.825	12	0.24
12.83125	12	0.25
12.8375	12	0.25
12.84375	12	0.26
12.85	12	0.25
12.85625	12	0.26
12.8625	12	0.26
12.86875	12	0.27
12.875	12	0.25
12.88125	12	0.26
12.8875	12	0.25
12.89375	12	0.26
12.9	12	0.25
12.90625	12	0.25
12.9125	12	0.25
12.91875	12	0.25
12.925	12	0.24
12.93125	12	0.23
12.9375	12	0.2
12.94375	12	0.17
12.95	12	0.17
12.95625	12	0.18
12.9625	12	0.17
12.96875	12	0.17
12.975	12	0.16
12.98125	12	0.17
12.9875	12	0.16
12.99375	12	0.17
13	12	0.16
13.00625	12	0.16
13.0125	12	0.16
13.01875	12	0.17
13.025	12	0.16
13.03125	12	0.14
13.0375	12	0.15
13.04375	12	0.15
13.05	12	0.15
13.05625	12	0.15
13.0625	12	0.14
13.06875	12	0.14
13.075	12	0.13
13.08125	12	0.14
13.0875	12	0.14
13.09375	12	0.14
13.1	12	0.14
13.10625	12	0.15
13.1125	12	0.15
13.11875	12	0.16
13.125	12	0.17
13.13125	12	0.17
13.1375	12	0.17
13.14375	12	0.18
13.15	12	0.16
13.15625	12	0.17
13.1625	12	0.16
13.16875	12	0.17
13.175	12	0.16
13.18125	12	0.16
13.1875	12	0.16
13.19375	12	0.16
13.2	12	0.15
13.20625	12	0.17
13.2125	12	0.15
13.21875	12	0.16
13.225	12	0.15
13.23125	12	0.16
13.2375	12	0.15
13.24375	12	0.16
13.25	12	0.15
13.25625	12	0.16
13.2625	12	0.15
13.26875	12	0.17
13.275	12	0.15
13.28125	12	0.15
13.2875	12	0.13
13.29375	12	0.12
13.3	12	0.12
13.30625	12	0.13
13.3125	12	0.12
13.31875	12	0.13
13.325	12	0.12
13.33125	12	0.13
13.3375	12	0.12
13.34375	12	0.13
13.35	12	0.12
13.35625	12	0.14
13.3625	12	0.13
13.36875	12	0.14
13.375	12	0.13
13.38125	12	0.14
13.3875	12	0.13
13.39375	12	0.13
13.4	12	0.12
13.40625	12	0.13
13.4125	12	0.12
13.41875	12	0.13
13.425	12	0.12
13.43125	12	0.14
13.4375	12	0.13
13.44375	12	0.13
13.45	12	0.13
13.45625	12	0.15
13.4625	12	0.15
13.46875	12	0.16
13.475	12	0.16
13.48125	12	0.17
13.4875	12	0.16
13.49375	12	0.18
13.5	12	0.16
13.50625	12	0.18
13.5125	12	0.16
13.51875	12	0.16
13.525	12	0.15
13.53125	12	0.16
13.5375	12	0.15
13.54375	12	0.16
13.55	12	0.15
13.55625	12	0.16
13.5625	12	0.15
13.56875	12	0.16
13.575	12	0.15
13.58125	12	0.15
13.5875	12	0.14
13.59375	12	0.16
13.6	12	0.14
13.60625	12	0.15
13.6125	12	0.15
13.61875	12	0.14
13.625	12	0.13
13.63125	12	0.13
13.6375	12	0.1
13.64375	12	0.12
13.65	12	0.11
13.65625	12	0.12
13.6625	12	0.11
13.66875	12	0.12
13.675	12	0.11
13.68125	12	0.12
13.6875	12	0.11
13.69375	12	0.13
13.7	12	0.12
13.70625	12	0.13
13.7125	12	0.12
13.71875	12	0.13
13.725	12	0.12
13.73125	12	0.13
13.7375	12	0.12
13.74375	12	0.12
13.75	12	0.12
13.75625	12	0.12
13.7625	12	0.12
13.76875	12	0.12
13.775	12	0.11
13.78125	12	0.12
13.7875	12	0.11
13.79375	12	0.13
13.8	12	0.14
13.80625	12	0.16
13.8125	12	0.16
13.81875	12	0.18
13.825	12	0.17
13.83125	12	0.18
13.8375	12	0.17
13.84375	12	0.18
13.85	12	0.18
13.85625	12	0.19
13.8625	12	0.17
13.86875	12	0.19
13.875	12	0.18
13.88125	12	0.19
13.8875	12	0.19
13.89375	12	0.19
13.9	12	0.19
13.90625	12	0.2
13.9125	12	0.19
13.91875	12	0.2
13.925	12	0.19
13.93125	12	0.2
13.9375	12	0.19
13.94375	12	0.19
13.95	12	0.17
13.95625	12	0.18
13.9625	12	0.14
13.96875	12	0.14
13.975	12	0.13
13.98125	12	0.14
13.9875	12	0.12
13.99375	12	0.14
14	12	0.13
14.00625	12	0.13
14.0125	12	0.12
14.01875	12	0.12
14.025	12	0.12
14.03125	12	0.12
14.0375	12	0.12
14.04375	12	0.13
14.05	12	0.12
14.05625	12	0.13
14.0625	12	0.12
14.06875	12	0.13
14.075	12	0.11
14.08125	12	0.12
14.0875	12	0.11
14.09375	12	0.12
14.1	12	0.11
14.10625	12	0.11
14.1125	12	0.11
14.11875	12	0.11
14.125	12	0.11
14.13125	12	0.11
14.1375	12	0.11
14.14375	12	0.14
14.15	12	0.13
14.15625	12	0.15
14.1625	12	0.15
14.16875	12	0.16
14.175	12	0.15
14.18125	12	0.14
14.1875	12	0.13
14.19375	12	0.14
14.2	12	0.13
14.20625	12	0.14
14.2125	12	0.12
14.21875	12	0.13
14.225	12	0.12
14.23125	12	0.13
14.2375	12	0.12
14.24375	12	0.13
14.25	12	0.12
14.25625	12	0.12
14.2625	12	0.12
14.26875	12	0.13
14.275	12	0.12
14.28125	12	0.13
14.2875	12	0.12
14.29375	12	0.12
14.3	12	0.11
14.30625	12	0.1
14.3125	12	0.08
14.31875	12	0.09
14.325	12	0.08
14.33125	12	0.1
14.3375	12	0.08
14.34375	12	0.09
14.35	12	0.09
14.35625	12	0.1
14.3625	12	0.09
14.36875	12	0.1
14.375	12	0.09
14.38125	12	0.1
14.3875	12	0.09
14.39375	12	0.1
14.4	12	0.1
14.40625	12	0.11
14.4125	12	0.11
14.41875	12	0.11
14.425	12	0.1
14.43125	12	0.1
14.4375	12	0.1
14.44375	12	0.1
14.45	12	0.1
14.45625	12	0.1
14.4625	12	0.1
14.46875	12	0.11
14.475	12	0.1
14.48125	12	0.12
14.4875	12	0.12
14.49375	12	0.14
14.5	12	0.15
14.50625	12	0.14
14.5125	12	0.14
14.51875	12	0.15
14.525	12	0.13
14.53125	12	0.14
14.5375	12	0.13
14.54375	12	0.13
14.55	12	0.12
14.55625	12	0.13
14.5625	12	0.12
14.56875	12	0.12
14.575	12	0.11
14.58125	12	0.13
14.5875	12	0.11
14.59375	12	0.12
14.6	12	0.12
14.60625	12	0.12
14.6125	12	0.12
14.61875	12	0.12
14.625	12	0.11
14.63125	12	0.13
14.6375	12	0.11
14.64375	12	0.12
14.65	12	0.07
14.65625	12	0.09
14.6625	12	0.08
14.66875	12	0.09
14.675	12	0.08
14.68125	12	0.09
14.6875	12	0.08
14.69375	12	0.1
14.7	12	0.09
14.70625	12	0.1
14.7125	12	0.09
14.71875	12	0.1
14.725	12	0.1
14.73125	12	0.1
14.7375	12	0.1
14.74375	12	0.11
14.75	12	0.11
14.75625	12	0.11
14.7625	12	0.1
14.76875	12	0.1
14.775	12	0.1
14.78125	12	0.1
14.7875	12	0.09
14.79375	12	0.1
14.8	12	0.09
14.80625	12	0.1
14.8125	12	0.1
14.81875	12	0.11
14.825	12	0.12
14.83125	12	0.14
14.8375	12	0.13
14.84375	12	0.14
14.85	12	0.14
14.85625	12	0.15
14.8625	12	0.15
14.86875	12	0.15
14.875	12	0.15
14.88125	12	0.14
14.8875	12	0.14
14.89375	12	0.14
14.9	12	0.15
14.90625	12	0.16
14.9125	12	0.15
14.91875	12	0.16
14.925	12	0.16
14.93125	12	0.17
14.9375	12	0.16
14.94375	12	0.17
14.95	12	0.16
14.95625	12	0.18
14.9625	12	0.16
14.96875	12	0.17
14.975	12	0.16
14.98125	12	0.16
14.9875	12	0.15
14.99375	12	0.12
15	12	0.12
15.00625	12	0.13
15.0125	12	0.12
15.01875	12	0.13
15.025	12	0.12
15.03125	12	0.12
15.0375	12	0.11
15.04375	12	0.13
15.05	12	0.11
15.05625	12	0.11
15.0625	12	0.11
15.06875	12	0.12
15.075	12	0.11
15.08125	12	0.12
15.0875	12	0.11
15.09375	12	0.11
15.1	12	0.11
15.10625	12	0.11
15.1125	12	0.1
15.11875	12	0.11
15.125	12	0.1
15.13125	12	0.1
15.1375	12	0.09
15.14375	12	0.1
15.15	12	0.09
15.15625	12	0.1
15.1625	12	0.11
15.16875	12	0.13
15.175	12	0.12
15.18125	12	0.14
15.1875	12	0.13
15.19375	12	0.13
15.2	12	0.13
15.20625	12	0.13
15.2125	12	0.13
15.21875	12	0.14
15.225	12	0.12
15.23125	12	0.12
15.2375	12	0.12
15.24375	12	0.12
15.25	12	0.11
15.25625	12	0.12
15.2625	12	0.11
15.26875	12	0.13
15.275	12	0.12
15.28125	12	0.12
15.2875	12	0.11
15.29375	12	0.13
15.3	12	0.11
15.30625	12	0.13
15.3125	12	0.11
15.31875	12	0.12
15.325	12	0.11
15.33125	12	0.1
15.3375	12	0.08
15.34375	12	0.08
15.35	12	0.08
15.35625	12	0.1
15.3625	12	0.08
15.36875	12	0.1
15.375	12	0.08
15.38125	12	0.1
15.3875	12	0.08
15.39375	12	0.1
15.4	12	0.08
15.40625	12	0.1
15.4125	12	0.09
15.41875	12	0.1
15.425	12	0.1
15.43125	12	0.1
15.4375	12	0.09
15.44375	12	0.1
15.45	12	0.09
15.45625	12	0.1
15.4625	12	0.08
15.46875	12	0.1
15.475	12	0.08
15.48125	12	0.09
15.4875	12	0.08
15.49375	12	0.1
15.5	12	0.1
15.50625	12	0.11
15.5125	12	0.11
15.51875	12	0.13
15.525	12	0.13
15.53125	12	0.13
15.5375	12	0.12
15.54375	12	0.13
15.55	12	0.12
15.55625	12	0.13
15.5625	12	0.11
15.56875	12	0.12
15.575	12	0.11
15.58125	12	0.11
15.5875	12	0.11
15.59375	12	0.12
15.6	12	0.11
15.60625	12	0.12
15.6125	12	0.11
15.61875	12	0.12
15.625	12	0.11
15.63125	12	0.12
15.6375	12	0.11
15.64375	12	0.12
15.65	12	0.11
15.65625	12	0.12
15.6625	12	0.11
15.66875	12	0.1
15.675	12	0.08
15.68125	12	0.08
15.6875	12	0.08
15.69375	12	0.09
15.7	12	0.08
15.70625	12	0.09
15.7125	12	0.08
15.71875	12	0.1
15.725	12	0.08
15.73125	12	0.1
15.7375	12	0.08
15.74375	12	0.1
15.75	12	0.09
15.75625	12	0.1
15.7625	12	0.09
15.76875	12	0.1
15.775	12	0.1
15.78125	12	0.11
15.7875	12	0.09
15.79375	12	0.1
15.8	12	0.09
15.80625	12	0.1
15.8125	12	0.09
15.81875	12	0.1
15.825	12	0.1
15.83125	12	0.1
15.8375	12	0.11
15.84375	12	0.13
15.85	12	0.12
15.85625	12	0.14
15.8625	12	0.13
15.86875	12	0.14
15.875	12	0.14
15.88125	12	0.14
15.8875	12	0.13
15.89375	12	0.13
15.9	12	0.12
15.90625	12	0.13
15.9125	12	0.12
15.91875	12	0.13
15.925	12	0.13
15.93125	12	0.14
15.9375	12	0.14
15.94375	12	0.15
15.95	12	0.14
15.95625	12	0.15
15.9625	12	0.15
15.96875	12	0.16
15.975	12	0.15
15.98125	12	0.16
15.9875	12	0.15
15.99375	12	0.17
16	12	0.15
16.00625	12	0.14
16.0125	12	0.12
16.01875	12	0.12
16.025	12	0.12
16.03125	12	0.13
16.0375	12	0.12
16.04375	12	0.12
16.05	12	0.11
16.05625	12	0.12
16.0625	12	0.11
16.06875	12	0.11
16.075	12	0.11
16.08125	12	0.11
16.0875	12	0.1
16.09375	12	0.12
16.1	12	0.11
16.10625	12	0.11
16.1125	12	0.1
16.11875	12	0.11
16.125	12	0.1
16.13125	12	0.1
16.1375	12	0.09
16.14375	12	0.1
16.15	12	0.08
16.15625	12	0.09
16.1625	12	0.1
16.16875	12	0.1
16.175	12	0.11
16.18125	12	0.13
16.1875	12	0.13
16.19375	12	0.14
16.2	12	0.13
16.20625	12	0.14
16.2125	12	0.13
16.21875	12	0.14
16.225	12	0.12
16.23125	12	0.13
16.2375	12	0.12
16.24375	12	0.12
16.25	12	0.11
16.25625	12	0.12
16.2625	12	0.11
16.26875	12	0.12
16.275	12	0.11
16.28125	12	0.11
16.2875	12	0.11
16.29375	12	0.12
16.3	12	0.1
16.30625	12	0.12
16.3125	12	0.11
16.31875	12	0.11
16.325	12	0.1
16.33125	12	0.1
16.3375	12	0.07
16.34375	12	0.08
16.35	12	0.07
16.35625	12	0.08
16.3625	12	0.07
16.36875	12	0.08
16.375	12	0.08
16.38125	12	0.09
16.3875	12	0.08
16.39375	12	0.09
16.4	12	0.08
16.40625	12	0.09
16.4125	12	0.08
16.41875	12	0.08
16.425	12	0.08
16.43125	12	0.1
16.4375	12	0.08
16.44375	12	0.1
16.45	12	0.08
16.45625	12	0.09
16.4625	12	0.08
16.46875	12	0.1
16.475	12	0.08
16.48125	12	0.09
16.4875	12	0.08
16.49375	12	0.09
16.5	12	0.08
16.50625	12	0.1
16.5125	12	0.11
16.51875	12	0.12
16.525	12	0.12
16.53125	12	0.14
16.5375	12	0.12
16.54375	12	0.14
16.55	12	0.12
16.55625	12	0.13
16.5625	12	0.11
16.56875	12	0.13
16.575	12	0.11
16.58125	12	0.12
16.5875	12	0.11
16.59375	12	0.12
16.6	12	0.1
16.60625	12	0.12
16.6125	12	0.1
16.61875	12	0.12
16.625	12	0.1
16.63125	12	0.12
16.6375	12	0.1
16.64375	12	0.11
16.65	12	0.1
16.65625	12	0.1
16.6625	12	0.09
16.66875	12	0.09
16.675	12	0.06
16.68125	12	0.08
16.6875	12	0.07
16.69375	12	0.08
16.7	12	0.07
16.70625	12	0.08
16.7125	12	0.07
16.71875	12	0.08
16.725	12	0.08
16.73125	12	0.08
16.7375	12	0.07
16.74375	12	0.08
16.75	12	0.08
16.75625	12	0.08
16.7625	12	0.08
16.76875	12	0.1
16.775	12	0.09
16.78125	12	0.1
16.7875	12	0.08
16.79375	12	0.09
16.8	12	0.08
16.80625	12	0.09
16.8125	12	0.08
16.81875	12	0.09
16.825	12	0.08
16.83125	12	0.09
16.8375	12	0.08
16.84375	12	0.1
16.85	12	0.11
16.85625	12	0.13
16.8625	12	0.12
16.86875	12	0.13
16.875	12	0.12
16.88125	12	0.13
16.8875	12	0.12
16.89375	12	0.12
16.9	12	0.12
16.90625	12	0.12
16.9125	12	0.11
16.91875	12	0.11
16.925	12	0.11
16.93125	12	0.1
16.9375	12	0.1
16.94375	12	0.11
16.95	12	0.11
16.95625	12	0.12
16.9625	12	0.11
16.96875	12	0.12
16.975	12	0.11
16.98125	12	0.13
16.9875	12	0.13
16.99375	12	0.13
17	12	0.12
17.00625	12	0.13
17.0125	12	0.1
17.01875	12	0.1
17.025	12	0.1
17.03125	12	0.11
17.0375	12	0.11
17.04375	12	0.12
17.05	12	0.11
17.05625	12	0.12
17.0625	12	0.11
17.06875	12	0.12
17.075	12	0.11
17.08125	12	0.11
17.0875	12	0.11
17.09375	12	0.12
17.1	12	0.11
17.10625	12	0.12
17.1125	12	0.1
17.11875	12	0.1
17.125	12	0.1
17.13125	12	0.1
17.1375	12	0.08
17.14375	12	0.1
17.15	12	0.08
17.15625	12	0.09
17.1625	12	0.08
17.16875	12	0.1
17.175	12	0.08
17.18125	12	0.11
17.1875	12	0.11
17.19375	12	0.13
17.2	12	0.12
17.20625	12	0.13
17.2125	12	0.12
17.21875	12	0.13
17.225	12	0.11
17.23125	12	0.12
17.2375	12	0.11
17.24375	12	0.11
17.25	12	0.11
17.25625	12	0.1
17.2625	12	0.1
17.26875	12	0.11
17.275	12	0.1
17.28125	12	0.12
17.2875	12	0.11
17.29375	12	0.1
17.3	12	0.1
17.30625	12	0.1
17.3125	12	0.1
17.31875	12	0.1
17.325	12	0.1
17.33125	12	0.1
17.3375	12	0.1
17.34375	12	0.09
17.35	12	0.06
17.35625	12	0.06
17.3625	12	0.07
17.36875	12	0.08
17.375	12	0.07
17.38125	12	0.08
17.3875	12	0.07
17.39375	12	0.08
17.4	12	0.08
17.40625	12	0.08
17.4125	12	0.07
17.41875	12	0.09
17.425	12	0.08
17.43125	12	0.09
17.4375	12	0.08
17.44375	12	0.1
17.45	12	0.08
17.45625	12	0.1
17.4625	12	0.08
17.46875	12	0.09
17.475	12	0.08
17.48125	12	0.09
17.4875	12	0.08
17.49375	12	0.09
17.5	12	0.08
17.50625	12	0.09
17.5125	12	0.08
17.51875	12	0.1
17.525	12	0.11
17.53125	12	0.12
17.5375	12	0.12
17.54375	12	0.13
17.55	12	0.12
17.55625	12	0.13
17.5625	12	0.11
17.56875	12	0.12
17.575	12	0.12
17.58125	12	0.11
17.5875	12	0.11
17.59375	12	0.12
17.6	12	0.11
17.60625	12	0.11
17.6125	12	0.1
17.61875	12	0.11
17.625	12	0.11
17.63125	12	0.11
17.6375	12	0.1
17.64375	12	0.11
17.65	12	0.11
17.65625	12	0.11
17.6625	12	0.11
17.66875	12	0.11
17.675	12	0.1
17.68125	12	0.1
17.6875	12	0.08
17.69375	12	0.09
17.7	12	0.07
17.70625	12	0.08
17.7125	12	0.07
17.71875	12	0.08
17.725	12	0.07
17.73125	12	0.08
17.7375	12	0.08
17.74375	12	0.08
17.75	12	0.08
17.75625	12	0.09
17.7625	12	0.08
17.76875	12	0.1
17.775	12	0.08
17.78125	12	0.1
17.7875	12	0.08
17.79375	12	0.1
17.8	12	0.08
17.80625	12	0.1
17.8125	12	0.08
17.81875	12	0.09
17.825	12	0.08
17.83125	12	0.09
17.8375	12	0.08
17.84375	12	0.1
17.85	12	0.08
17.85625	12	0.11
17.8625	12	0.11
17.86875	12	0.12
17.875	12	0.11
17.88125	12	0.12
17.8875	12	0.11
17.89375	12	0.13
17.9	12	0.11
17.90625	12	0.12
17.9125	12	0.11
17.91875	12	0.12
17.925	12	0.1
17.93125	12	0.11
17.9375	12	0.11
17.94375	12	0.11
17.95	12	0.1
17.95625	12	0.11
17.9625	12	0.11
17.96875	12	0.11
17.975	12	0.11
17.98125	12	0.1
17.9875	12	0.1
17.99375	12	0.11
18	12	0.11
18.00625	12	0.13
18.0125	12	0.11
18.01875	12	0.11
18.025	12	0.11
18.03125	12	0.09
18.0375	12	0.08
18.04375	12	0.1
18.05	12	0.1
18.05625	12	0.11
18.0625	12	0.11
18.06875	12	0.12
18.075	12	0.12
18.08125	12	0.12
18.0875	12	0.11
18.09375	12	0.12
18.1	12	0.12
18.10625	12	0.13
18.1125	12	0.12
18.11875	12	0.13
18.125	12	0.11
18.13125	12	0.12
18.1375	12	0.11
18.14375	12	0.12
18.15	12	0.1
18.15625	12	0.1
18.1625	12	0.09
18.16875	12	0.11
18.175	12	0.1
18.18125	12	0.1
18.1875	12	0.11
18.19375	12	0.12
18.2	12	0.12
18.20625	12	0.14
18.2125	12	0.13
18.21875	12	0.14
18.225	12	0.12
18.23125	12	0.13
18.2375	12	0.12
18.24375	12	0.13
18.25	12	0.12
18.25625	12	0.12
18.2625	12	0.11
18.26875	12	0.11
18.275	12	0.11
18.28125	12	0.11
18.2875	12	0.1
18.29375	12	0.11
18.3	12	0.11
18.30625	12	0.11
18.3125	12	0.1
18.31875	12	0.11
18.325	12	0.1
18.33125	12	0.1
18.3375	12	0.1
18.34375	12	0.1
18.35	12	0.09
18.35625	12	0.09
18.3625	12	0.07
18.36875	12	0.06
18.375	12	0.07
18.38125	12	0.08
18.3875	12	0.07
18.39375	12	0.08
18.4	12	0.07
18.40625	12	0.08
18.4125	12	0.07
18.41875	12	0.08
18.425	12	0.07
18.43125	12	0.08
18.4375	12	0.08
18.44375	12	0.09
18.45	12	0.08
18.45625	12	0.09
18.4625	12	0.08
18.46875	12	0.08
18.475	12	0.08
18.48125	12	0.08
18.4875	12	0.07
18.49375	12	0.08
18.5	12	0.07
18.50625	12	0.09
18.5125	12	0.08
18.51875	12	0.1
18.525	12	0.1
18.53125	12	0.12
18.5375	12	0.11
18.54375	12	0.13
18.55	12	0.12
18.55625	12	0.13
18.5625	12	0.12
18.56875	12	0.12
18.575	12	0.11
18.58125	12	0.11
18.5875	12	0.1
18.59375	12	0.11
18.6	12	0.1
18.60625	12	0.1
18.6125	12	0.1
18.61875	12	0.11
18.625	12	0.1
18.63125	12	0.11
18.6375	12	0.1
18.64375	12	0.1
18.65	12	0.1
18.65625	12	0.11
18.6625	12	0.1
18.66875	12	0.1
18.675	12	0.08
18.68125	12	0.09
18.6875	12	0.06
18.69375	12	0.06
18.7	12	0.06
18.70625	12	0.08
18.7125	12	0.07
18.71875	12	0.08
18.725	12	0.08
18.73125	12	0.08
18.7375	12	0.07
18.74375	12	0.08
18.75	12	0.08
18.75625	12	0.08
18.7625	12	0.08
18.76875	12	0.09
18.775	12	0.08
18.78125	12	0.09
18.7875	12	0.09
18.79375	12	0.1
18.8	12	0.08
18.80625	12	0.1
18.8125	12	0.08
18.81875	12	0.09
18.825	12	0.07
18.83125	12	0.09
18.8375	12	0.08
18.84375	12	0.09
18.85	12	0.08
18.85625	12	0.1
18.8625	12	0.11
18.86875	12	0.12
18.875	12	0.12
18.88125	12	0.13
18.8875	12	0.12
18.89375	12	0.13
18.9	12	0.12
18.90625	12	0.13
18.9125	12	0.11
18.91875	12	0.12
18.925	12	0.12
18.93125	12	0.12
18.9375	12	0.11
18.94375	12	0.11
18.95	12	0.11
18.95625	12	0.11
18.9625	12	0.1
18.96875	12	0.12
18.975	12	0.1
18.98125	12	0.11
18.9875	12	0.1
18.99375	12	0.1
19	12	0.1
19.00625	12	0.1
19.0125	12	0.08
19.01875	12	0.06
19.025	12	0.07
19.03125	12	0.08
19.0375	12	0.07
19.04375	12	0.08
19.05	12	0.07
19.05625	12	0.08
19.0625	12	0.08
19.06875	12	0.09
19.075	12	0.08
19.08125	12	0.1
19.0875	12	0.1
19.09375	12	0.1
19.1	12	0.11
19.10625	12	0.12
19.1125	12	0.12
19.11875	12	0.13
19.125	12	0.12
19.13125	12	0.12
19.1375	12	0.11
19.14375	12	0.12
19.15	12	0.11
19.15625	12	0.11
19.1625	12	0.1
19.16875	12	0.11
19.175	12	0.1
19.18125	12	0.1
19.1875	12	0.1
19.19375	12	0.12
19.2	12	0.12
19.20625	12	0.14
19.2125	12	0.13
19.21875	12	0.14
19.225	12	0.13
19.23125	12	0.13
19.2375	12	0.12
19.24375	12	0.12
19.25	12	0.12
19.25625	12	0.12
19.2625	12	0.11
19.26875	12	0.11
19.275	12	0.1
19.28125	12	0.11
19.2875	12	0.1
19.29375	12	0.11
19.3	12	0.1
19.30625	12	0.1
19.3125	12	0.1
19.31875	12	0.1
19.325	12	0.09
19.33125	12	0.11
19.3375	12	0.09
19.34375	12	0.1
19.35	12	0.08
19.35625	12	0.09
19.3625	12	0.07
19.36875	12	0.06
19.375	12	0.06
19.38125	12	0.08
19.3875	12	0.07
19.39375	12	0.08
19.4	12	0.07
19.40625	12	0.08
19.4125	12	0.07
19.41875	12	0.08
19.425	12	0.07
19.43125	12	0.08
19.4375	12	0.07
19.44375	12	0.09
19.45	12	0.08
19.45625	12	0.1
19.4625	12	0.08
19.46875	12	0.09
19.475	12	0.08
19.48125	12	0.08
19.4875	12	0.07
19.49375	12	0.08
19.5	12	0.07
19.50625	12	0.08
19.5125	12	0.07
19.51875	12	0.09
19.525	12	0.08
19.53125	12	0.1
19.5375	12	0.11
19.54375	12	0.12
19.55	12	0.11
19.55625	12	0.12
19.5625	12	0.12
19.56875	12	0.12
19.575	12	0.11
19.58125	12	0.11
19.5875	12	0.1
19.59375	12	0.11
19.6	12	0.09
19.60625	12	0.1
19.6125	12	0.1
19.61875	12	0.1
19.625	12	0.1
19.63125	12	0.1
19.6375	12	0.09
19.64375	12	0.1
19.65	12	0.09
19.65625	12	0.1
19.6625	12	0.09
19.66875	12	0.11
19.675	12	0.09
19.68125	12	0.1
19.6875	12	0.08
19.69375	12	0.04
19.7	12	0.06
19.70625	12	0.08
19.7125	12	0.07
19.71875	12	0.08
19.725	12	0.07
19.73125	12	0.09
19.7375	12	0.07
19.74375	12	0.09
19.75	12	0.07
19.75625	12	0.08
19.7625	12	0.08
19.76875	12	0.09
19.775	12	0.08
19.78125	12	0.09
19.7875	12	0.09
19.79375	12	0.1
19.8	12	0.08
19.80625	12	0.1
19.8125	12	0.08
19.81875	12	0.08
19.825	12	0.08
19.83125	12	0.08
19.8375	12	0.08
19.84375	12	0.08
19.85	12	0.09
19.85625	12	0.09
19.8625	12	0.09
19.86875	12	0.12
19.875	12	0.11
19.88125	12	0.12
19.8875	12	0.12
19.89375	12	0.12
19.9	12	0.12
19.90625	12	0.12
19.9125	12	0.11
19.91875	12	0.12
19.925	12	0.11
19.93125	12	0.11
19.9375	12	0.11
19.94375	12	0.11
19.95	12	0.11
19.95625	12	0.12
19.9625	12	0.11
19.96875	12	0.11
19.975	12	0.11
19.98125	12	0.1
19.9875	12	0.11
19.99375	12	0.11
20	12	0.11
20.00625	12	0.11
20.0125	12	0.11
20.01875	12	0.11
20.025	12	0.09
20.03125	12	0.08
20.0375	12	0.07
20.04375	12	0.08
20.05	12	0.07
20.05625	12	0.08
20.0625	12	0.08
20.06875	12	0.09
20.075	12	0.08
20.08125	12	0.09
20.0875	12	0.08
20.09375	12	0.1
20.1	12	0.1
20.10625	12	0.1
20.1125	12	0.1
20.11875	12	0.11
20.125	12	0.11
20.13125	12	0.12
20.1375	12	0.12
20.14375	12	0.12
20.15	12	0.11
20.15625	12	0.12
20.1625	12	0.11
20.16875	12	0.12
20.175	12	0.11
20.18125	12	0.13
20.1875	12	0.11
20.19375	12	0.12
20.2	12	0.12
20.20625	12	0.14
20.2125	12	0.13
20.21875	12	0.14
20.225	12	0.13
20.23125	12	0.14
20.2375	12	0.13
20.24375	12	0.13
20.25	12	0.12
20.25625	12	0.13
20.2625	12	0.11
20.26875	12	0.13
20.275	12	0.11
20.28125	12	0.12
20.2875	12	0.12
20.29375	12	0.12
20.3	12	0.11
20.30625	12	0.12
20.3125	12	0.11
20.31875	12	0.12
20.325	12	0.11
20.33125	12	0.11
20.3375	12	0.11
20.34375	12	0.12
20.35	12	0.11
20.35625	12	0.12
20.3625	12	0.09
20.36875	12	0.1
20.375	12	0.04
20.38125	12	0.08
20.3875	12	0.07
20.39375	12	0.08
20.4	12	0.07
20.40625	12	0.08
20.4125	12	0.07
20.41875	12	0.08
20.425	12	0.07
20.43125	12	0.09
20.4375	12	0.08
20.44375	12	0.1
20.45	12	0.08
20.45625	12	0.1
20.4625	12	0.08
20.46875	12	0.09
20.475	12	0.08
20.48125	12	0.09
20.4875	12	0.08
20.49375	12	0.09
20.5	12	0.08
20.50625	12	0.09
20.5125	12	0.08
20.51875	12	0.09
20.525	12	0.08
20.53125	12	0.1
20.5375	12	0.11
20.54375	12	0.13
20.55	12	0.12
20.55625	12	0.13
20.5625	12	0.12
20.56875	12	0.13
20.575	12	0.12
20.58125	12	0.13
20.5875	12	0.12
20.59375	12	0.12
20.6	12	0.11
20.60625	12	0.11
20.6125	12	0.11
20.61875	12	0.11
20.625	12	0.11
20.63125	12	0.12
20.6375	12	0.11
20.64375	12	0.11
20.65	12	0.1
20.65625	12	0.11
20.6625	12	0.1
20.66875	12	0.11
20.675	12	0.11
20.68125	12	0.11
20.6875	12	0.11
20.69375	12	0.1
20.7	12	0.08
20.70625	12	0.08
20.7125	12	0.06
20.71875	12	0.08
20.725	12	0.07
20.73125	12	0.08
20.7375	12	0.07
20.74375	12	0.08
20.75	12	0.07
20.75625	12	0.08
20.7625	12	0.07
20.76875	12	0.09
20.775	12	0.08
20.78125	12	0.09
20.7875	12	0.08
20.79375	12	0.1
20.8	12	0.08
20.80625	12	0.09
20.8125	12	0.08
20.81875	12	0.09
20.825	12	0.08
20.83125	12	0.09
20.8375	12	0.08
20.84375	12	0.09
20.85	12	0.08
20.85625	12	0.09
20.8625	12	0.09
20.86875	12	0.12
20.875	12	0.11
20.88125	12	0.13
20.8875	12	0.12
20.89375	12	0.14
20.9	12	0.13
20.90625	12	0.13
20.9125	12	0.13
20.91875	12	0.13
20.925	12	0.11
20.93125	12	0.11
20.9375	12	0.11
20.94375	12	0.12
20.95	12	0.11
20.95625	12	0.12
20.9625	12	0.11
20.96875	12	0.12
20.975	12	0.11
20.98125	12	0.12
20.9875	12	0.11
20.99375	12	0.12
21	12	0.11
21.00625	12	0.11
21.0125	12	0.1
21.01875	12	0.1
21.025	12	0.08
21.03125	12	0.08
21.0375	12	0.07
21.04375	12	0.08
21.05	12	0.07
21.05625	12	0.09
21.0625	12	0.08
21.06875	12	0.08
21.075	12	0.08
21.08125	12	0.09
21.0875	12	0.08
21.09375	12	0.09
21.1	12	0.08
21.10625	12	0.09
21.1125	12	0.08
21.11875	12	0.1
21.125	12	0.09
21.13125	12	0.1
21.1375	12	0.11
21.14375	12	0.11
21.15	12	0.1
21.15625	12	0.12
21.1625	12	0.1
21.16875	12	0.12
21.175	12	0.11
21.18125	12	0.12
21.1875	12	0.12
21.19375	12	0.13
21.2	12	0.12
21.20625	12	0.15
21.2125	12	0.15
21.21875	12	0.16
21.225	12	0.16
21.23125	12	0.16
21.2375	12	0.16
21.24375	12	0.16
21.25	12	0.15
21.25625	12	0.15
21.2625	12	0.13
21.26875	12	0.14
21.275	12	0.13
21.28125	12	0.14
21.2875	12	0.12
21.29375	12	0.12
21.3	12	0.12
21.30625	12	0.13
21.3125	12	0.12
21.31875	12	0.11
21.325	12	0.11
21.33125	12	0.12
21.3375	12	0.11
21.34375	12	0.12
21.35	12	0.11
21.35625	12	0.1
21.3625	12	0.08
21.36875	12	0.08
21.375	12	0.07
21.38125	12	0.08
21.3875	12	0.07
21.39375	12	0.09
21.4	12	0.07
21.40625	12	0.08
21.4125	12	0.07
21.41875	12	0.08
21.425	12	0.07
21.43125	12	0.09
21.4375	12	0.07
21.44375	12	0.08
21.45	12	0.08
21.45625	12	0.08
21.4625	12	0.09
21.46875	12	0.09
21.475	12	0.08
21.48125	12	0.1
21.4875	12	0.08
21.49375	12	0.08
21.5	12	0.08
21.50625	12	0.08
21.5125	12	0.08
21.51875	12	0.09
21.525	12	0.08
21.53125	12	0.09
21.5375	12	0.1
21.54375	12	0.11
21.55	12	0.12
21.55625	12	0.13
21.5625	12	0.12
21.56875	12	0.13
21.575	12	0.13
21.58125	12	0.13
21.5875	12	0.11
21.59375	12	0.12
21.6	12	0.11
21.60625	12	0.11
21.6125	12	0.11
21.61875	12	0.11
21.625	12	0.1
21.63125	12	0.11
21.6375	12	0.1
21.64375	12	0.11
21.65	12	0.1
21.65625	12	0.11
21.6625	12	0.1
21.66875	12	0.1
21.675	12	0.1
21.68125	12	0.1
21.6875	12	0.09
21.69375	12	0.1
21.7	12	0.07
21.70625	12	0.06
21.7125	12	0.07
21.71875	12	0.08
21.725	12	0.08
21.73125	12	0.08
21.7375	12	0.08
21.74375	12	0.09
21.75	12	0.08
21.75625	12	0.08
21.7625	12	0.07
21.76875	12	0.08
21.775	12	0.07
21.78125	12	0.09
21.7875	12	0.08
21.79375	12	0.09
21.8	12	0.09
21.80625	12	0.09
21.8125	12	0.08
21.81875	12	0.09
21.825	12	0.08
21.83125	12	0.09
21.8375	12	0.08
21.84375	12	0.09
21.85	12	0.08
21.85625	12	0.09
21.8625	12	0.08
21.86875	12	0.1
21.875	12	0.1
21.88125	12	0.11
21.8875	12	0.12
21.89375	12	0.13
21.9	12	0.12
21.90625	12	0.13
21.9125	12	0.12
21.91875	12	0.12
21.925	12	0.11
21.93125	12	0.11
21.9375	12	0.11
21.94375	12	0.11
21.95	12	0.11
21.95625	12	0.11
21.9625	12	0.11
21.96875	12	0.11
21.975	12	0.11
21.98125	12	0.11
21.9875	12	0.1
21.99375	12	0.11
22	12	0.1
22.00625	12	0.1
22.0125	12	0.1
22.01875	12	0.11
22.025	12	0.09
22.03125	12	0.1
22.0375	12	0.07
22.04375	12	0.08
22.05	12	0.07
22.05625	12	0.08
22.0625	12	0.07
22.06875	12	0.09
22.075	12	0.07
22.08125	12	0.08
22.0875	12	0.07
22.09375	12	0.09
22.1	12	0.08
22.10625	12	0.09
22.1125	12	0.08
22.11875	12	0.09
22.125	12	0.08
22.13125	12	0.1
22.1375	12	0.09
22.14375	12	0.09
22.15	12	0.08
22.15625	12	0.09
22.1625	12	0.08
22.16875	12	0.09
22.175	12	0.08
22.18125	12	0.09
22.1875	12	0.09
22.19375	12	0.1
22.2	12	0.1
22.20625	12	0.11
22.2125	12	0.13
22.21875	12	0.14
22.225	12	0.14
22.23125	12	0.15
22.2375	12	0.15
22.24375	12	0.16
22.25	12	0.15
22.25625	12	0.16
22.2625	12	0.15
22.26875	12	0.15
22.275	12	0.13
22.28125	12	0.14
22.2875	12	0.13
22.29375	12	0.14
22.3	12	0.13
22.30625	12	0.13
22.3125	12	0.12
22.31875	12	0.13
22.325	12	0.11
22.33125	12	0.12
22.3375	12	0.11
22.34375	12	0.13
22.35	12	0.11
22.35625	12	0.12
22.3625	12	0.11
22.36875	12	0.1
22.375	12	0.08
22.38125	12	0.09
22.3875	12	0.07
22.39375	12	0.08
22.4	12	0.07
22.40625	12	0.09
22.4125	12	0.07
22.41875	12	0.08
22.425	12	0.07
22.43125	12	0.09
22.4375	12	0.08
22.44375	12	0.08
22.45	12	0.08
22.45625	12	0.09
22.4625	12	0.08
22.46875	12	0.1
22.475	12	0.08
22.48125	12	0.1
22.4875	12	0.08
22.49375	12	0.09
22.5	12	0.08
22.50625	12	0.09
22.5125	12	0.07
22.51875	12	0.09
22.525	12	0.07
22.53125	12	0.08
22.5375	12	0.08
22.54375	12	0.1
22.55	12	0.1
22.55625	12	0.12
22.5625	12	0.11
22.56875	12	0.12
22.575	12	0.11
22.58125	12	0.12
22.5875	12	0.11
22.59375	12	0.11
22.6	12	0.11
22.60625	12	0.11
22.6125	12	0.1
22.61875	12	0.11
22.625	12	0.1
22.63125	12	0.1
22.6375	12	0.1
22.64375	12	0.1
22.65	12	0.09
22.65625	12	0.11
22.6625	12	0.1
22.66875	12	0.1
22.675	12	0.1
22.68125	12	0.11
22.6875	12	0.11
22.69375	12	0.11
22.7	12	0.11
22.70625	12	0.1
22.7125	12	0.09
22.71875	12	0.04
22.725	12	0.06
22.73125	12	0.08
22.7375	12	0.07
22.74375	12	0.09
22.75	12	0.07
22.75625	12	0.08
22.7625	12	0.07
22.76875	12	0.08
22.775	12	0.07
22.78125	12	0.09
22.7875	12	0.08
22.79375	12	0.1
22.8	12	0.08
22.80625	12	0.1
22.8125	12	0.08
22.81875	12	0.08
22.825	12	0.08
22.83125	12	0.09
22.8375	12	0.08
22.84375	12	0.09
22.85	12	0.08
22.85625	12	0.09
22.8625	12	0.08
22.86875	12	0.09
22.875	12	0.1
22.88125	12	0.12
22.8875	12	0.12
22.89375	12	0.13
22.9	12	0.12
22.90625	12	0.13
22.9125	12	0.12
22.91875	12	0.13
22.925	12	0.12
22.93125	12	0.12
22.9375	12	0.11
22.94375	12	0.12
22.95	12	0.11
22.95625	12	0.11
22.9625	12	0.11
22.96875	12	0.11
22.975	12	0.11
22.98125	12	0.12
22.9875	12	0.11
22.99375	12	0.11
23	12	0.11
23.00625	12	0.11
23.0125	12	0.11
23.01875	12	0.11
23.025	12	0.11
23.03125	12	0.11
23.0375	12	0.09
23.04375	12	0.09
23.05	12	0.07
23.05625	12	0.06
23.0625	12	0.07
23.06875	12	0.08
23.075	12	0.07
23.08125	12	0.08
23.0875	12	0.07
23.09375	12	0.09
23.1	12	0.07
23.10625	12	0.09
23.1125	12	0.08
23.11875	12	0.09
23.125	12	0.08
23.13125	12	0.1
23.1375	12	0.09
23.14375	12	0.1
23.15	12	0.08
23.15625	12	0.1
23.1625	12	0.08
23.16875	12	0.09
23.175	12	0.07
23.18125	12	0.09
23.1875	12	0.08
23.19375	12	0.09
23.2	12	0.08
23.20625	12	0.1
23.2125	12	0.11
23.21875	12	0.13
23.225	12	0.13
23.23125	12	0.14
23.2375	12	0.14
23.24375	12	0.15
23.25	12	0.15
23.25625	12	0.15
23.2625	12	0.14
23.26875	12	0.15
23.275	12	0.14
23.28125	12	0.14
23.2875	12	0.14
23.29375	12	0.15
23.3	12	0.14
23.30625	12	0.15
23.3125	12	0.13
23.31875	12	0.14
23.325	12	0.13
23.33125	12	0.13
23.3375	12	0.12
23.34375	12	0.13
23.35	12	0.12
23.35625	12	0.12
23.3625	12	0.1
23.36875	12	0.08
23.375	12	0.08
23.38125	12	0.09
23.3875	12	0.07
23.39375	12	0.09
23.4	12	0.08
23.40625	12	0.09
23.4125	12	0.08
23.41875	12	0.09
23.425	12	0.08
23.43125	12	0.08
23.4375	12	0.08
23.44375	12	0.1
23.45	12	0.08
23.45625	12	0.1
23.4625	12	0.08
23.46875	12	0.1
23.475	12	0.09
23.48125	12	0.09
23.4875	12	0.08
23.49375	12	0.1
23.5	12	0.08
23.50625	12	0.1
23.5125	12	0.08
23.51875	12	0.09
23.525	12	0.08
23.53125	12	0.09
23.5375	12	0.08
23.54375	12	0.11
23.55	12	0.11
23.55625	12	0.12
23.5625	12	0.13
23.56875	12	0.13
23.575	12	0.12
23.58125	12	0.13
23.5875	12	0.12
23.59375	12	0.12
23.6	12	0.11
23.60625	12	0.12
23.6125	12	0.11
23.61875	12	0.12
23.625	12	0.11
23.63125	12	0.11
23.6375	12	0.11
23.64375	12	0.11
23.65	12	0.1
23.65625	12	0.11
23.6625	12	0.1
23.66875	12	0.11
23.675	12	0.1
23.68125	12	0.1
23.6875	12	0.1
23.69375	12	0.1
23.7	12	0.08
23.70625	12	0.08
23.7125	12	0.06
23.71875	12	0.08
23.725	12	0.06
23.73125	12	0.06
23.7375	12	0.07
23.74375	12	0.08
23.75	12	0.07
23.75625	12	0.08
23.7625	12	0.07
23.76875	12	0.08
23.775	12	0.07
23.78125	12	0.08
23.7875	12	0.07
23.79375	12	0.09
23.8	12	0.08
23.80625	12	0.09
23.8125	12	0.08
23.81875	12	0.08
23.825	12	0.08
23.83125	12	0.09
23.8375	12	0.07
23.84375	12	0.09
23.85	12	0.07
23.85625	12	0.09
23.8625	12	0.07
23.86875	12	0.09
23.875	12	0.08
23.88125	12	0.11
23.8875	12	0.11
23.89375	12	0.12
23.9	12	0.11
23.90625	12	0.13
23.9125	12	0.12
23.91875	12	0.13
23.925	12	0.11
23.93125	12	0.11
23.9375	12	0.11
23.94375	12	0.12
23.95	12	0.11
23.95625	12	0.11
23.9625	12	0.11
23.96875	12	0.11
23.975	12	0.11
23.98125	12	0.1
23.9875	12	0.11
23.99375	12	0.11
24	12	0.1
24.00625	12	0.1
24.0125	12	0.1
24.01875	12	0.11
24.025	12	0.11
24.03125	12	0.1
24.0375	12	0.08
24.04375	12	0.08
24.05	12	0.06
24.05625	12	0.08
24.0625	12	0.07
24.06875	12	0.08
24.075	12	0.07
24.08125	12	0.08
24.0875	12	0.07
24.09375	12	0.08
24.1	12	0.08
24.10625	12	0.08
24.1125	12	0.07
24.11875	12	0.09
24.125	12	0.08
24.13125	12	0.09
24.1375	12	0.08
24.14375	12	0.1
24.15	12	0.08
24.15625	12	0.09
24.1625	12	0.08
24.16875	12	0.08
24.175	12	0.08
24.18125	12	0.09
24.1875	12	0.07
24.19375	12	0.09
24.2	12	0.07
24.20625	12	0.09
24.2125	12	0.09
24.21875	12	0.1
24.225	12	0.11
24.23125	12	0.12
24.2375	12	0.12
24.24375	12	0.12
24.25	12	0.12
24.25625	12	0.12
24.2625	12	0.12
24.26875	12	0.13
24.275	12	0.12
24.28125	12	0.12
24.2875	12	0.12
24.29375	12	0.13
24.3	12	0.12
24.30625	12	0.13
24.3125	12	0.12
24.31875	12	0.13
24.325	12	0.13
24.33125	12	0.14
24.3375	12	0.13
24.34375	12	0.14
24.35	12	0.13
24.35625	12	0.14
24.3625	12	0.13
24.36875	12	0.12
24.375	12	0.11
24.38125	12	0.09
24.3875	12	0.08
24.39375	12	0.1
24.4	12	0.08
24.40625	12	0.1
24.4125	12	0.09
24.41875	12	0.1
24.425	12	0.08
24.43125	12	0.09
24.4375	12	0.08
24.44375	12	0.1
24.45	12	0.08
24.45625	12	0.1
24.4625	12	0.09
24.46875	12	0.1
24.475	12	0.09
24.48125	12	0.09
24.4875	12	0.08
24.49375	12	0.09
24.5	12	0.08
24.50625	12	0.09
24.5125	12	0.08
24.51875	12	0.09
24.525	12	0.08
24.53125	12	0.08
24.5375	12	0.08
24.54375	12	0.09
24.55	12	0.09
24.55625	12	0.11
24.5625	12	0.11
24.56875	12	0.13
24.575	12	0.12
24.58125	12	0.13
24.5875	12	0.11
24.59375	12	0.12
24.6	12	0.11
24.60625	12	0.12
24.6125	12	0.11
24.61875	12	0.11
24.625	12	0.1
24.63125	12	0.11
24.6375	12	0.1
24.64375	12	0.1
24.65	12	0.1
24.65625	12	0.1
24.6625	12	0.1
24.66875	12	0.1
24.675	12	0.11
24.68125	12	0.1
24.6875	12	0.1
24.69375	12	0.1
24.7	12	0.1
24.70625	12	0.1
24.7125	12	0.09
24.71875	12	0.09
24.725	12	0.04
24.73125	12	0.08
24.7375	12	0.06
24.74375	12	0.08
24.75	12	0.07
24.75625	12	0.08
24.7625	12	0.08
24.76875	12	0.08
24.775	12	0.07
24.78125	12	0.08
24.7875	12	0.08
24.79375	12	0.09
24.8	12	0.08
24.80625	12	0.1
24.8125	12	0.08
24.81875	12	0.1
24.825	12	0.08
24.83125	12	0.09
24.8375	12	0.08
24.84375	12	0.08
24.85	12	0.08
24.85625	12	0.08
24.8625	12	0.08
24.86875	12	0.09
24.875	12	0.08
24.88125	12	0.09
24.8875	12	0.1
24.89375	12	0.12
24.9	12	0.12
24.90625	12	0.12
24.9125	12	0.12
24.91875	12	0.12
24.925	12	0.12
24.93125	12	0.11
24.9375	12	0.11
24.94375	12	0.11
24.95	12	0.11
24.95625	12	0.11
24.9625	12	0.1
24.96875	12	0.1
24.975	12	0.1
24.98125	12	0.1
24.9875	12	0.1
24.99375	12	0.1
25	12	0.1
